structure(list(country = structure(c(1L, 2L, 1L, 2L, 1L, 2L, 
1L, 2L, 1L, 2L, 1L, 2L, 1L, 2L, 1L, 2L, 1L, 2L, 1L, 2L, 1L, 2L, 
1L, 2L), .Label = c("Australia", "New Zealand"), class = "factor"), 
    continent = structure(c(1L, 1L, 1L, 1L, 1L, 1L, 1L, 1L, 1L, 
    1L, 1L, 1L, 1L, 1L, 1L, 1L, 1L, 1L, 1L, 1L, 1L, 1L, 1L, 1L
    ), .Label = "Oceania", class = "factor"), year = c(1952L, 
    1952L, 1957L, 1957L, 1962L, 1962L, 1967L, 1967L, 1972L, 1972L, 
    1977L, 1977L, 1982L, 1982L, 1987L, 1987L, 1992L, 1992L, 1997L, 
    1997L, 2002L, 2002L, 2007L, 2007L), lifeExp = c(69.12, 69.39, 
    70.33, 70.26, 70.93, 71.24, 71.1, 71.52, 71.93, 71.89, 73.49, 
    72.22, 74.74, 73.84, 76.32, 74.32, 77.56, 76.33, 78.83, 77.55, 
    80.37, 79.11, 81.235, 80.204), pop = c(8691212L, 1994794L, 
    9712569L, 2229407L, 10794968L, 2488550L, 11872264L, 2728150L, 
    13177000L, 2929100L, 14074100L, 3164900L, 15184200L, 3210650L, 
    16257249L, 3317166L, 17481977L, 3437674L, 18565243L, 3676187L, 
    19546792L, 3908037L, 20434176L, 4115771L), gdpPercap = c(10039.59564, 
    10556.57566, 10949.64959, 12247.39532, 12217.22686, 13175.678, 
    14526.12465, 14463.91893, 16788.62948, 16046.03728, 18334.19751, 
    16233.7177, 19477.00928, 17632.4104, 21888.88903, 19007.19129, 
    23424.76683, 18363.32494, 26997.93657, 21050.41377, 30687.75473, 
    23189.80135, 34435.36744, 25185.00911)), row.names = c(NA, 
-24L), class = c("tbl_df", "tbl", "data.frame"))
